M1=100
k1=50
b=50
M2=200
k12=1000