M1=100
k1=50
b=50
M2=10
k12=1000