M1=100
k1=50
b=50
M2=100
k12=200