M1=100
k1=50
b=50
M2=30
k12=120