M1=100
k1=50
b=50
M2=40
k12=80